50466
-13106718
-109866
-12109065
-38312
-50165576
9167923
-4915559
-326154
651992
1995134
130279
267663
-28638456
-416820
2897456
-112420
229395
218180
1935011
-44719
-17778582
-75359
16959442
-152773
-9229
6600956
4534060
19536
-11961138
-25918088
4670695
1449216
2287261
-8160284
-23351216
408194
1577428
4487099
-8752166
-308096
739850
-481009
9035944
-6757022
-8439885
-413447
-26304018
242970
-26495894
-9589030
-181374
-407047
-466088
-12412916
-18911
-4129322
3793034
-391710
-23103070
2155
-19136442
-7585528
-25680394
