-2.491678577e-03 3.127490729e-02 -3.591310931e-03 -2.640526369e-02 1.044159103e-02 2.347232774e-02 -1.034378656e-03 -5.200852174e-03 3.255785629e-02
3.292531148e-02 -3.863849863e-02 -1.671221480e-02 1.288122963e-03 -1.218589619e-01 5.002102628e-02 1.065922529e-02 3.283955529e-02 -4.197690636e-02
-1.425769005e-04 6.034540129e-04 1.333269902e-04 2.762116119e-02 -7.115014596e-04 -3.013679525e-04 3.012942849e-03 5.968592013e-04 -9.371972410e-04
1.829208061e-02 1.622596383e-02 -8.900005370e-03 3.040349344e-03 -9.797651321e-02 4.151403531e-02 -4.191920161e-02 1.958246715e-02 1.548190974e-02
-1.047420874e-02 1.956197433e-02 3.484931588e-02 -1.394368522e-02 -4.584198445e-02 -4.293882847e-02 9.408192337e-02 -4.030369222e-03 1.576577500e-02
-2.700157696e-03 3.381203394e-03 -2.091585658e-03 3.810178116e-02 5.142287817e-03 -1.425979310e-03 -2.971783048e-03 4.042633809e-03 -1.939976704e-03
-1.020725351e-03 5.192525219e-03 3.948306665e-02 -1.653624140e-02 2.721252153e-03 -1.208956446e-02 -4.304356873e-02 -6.651274161e-04 7.433865219e-03
-4.689677618e-03 2.092325361e-03 5.327903200e-03 2.291259123e-03 9.455758333e-02 5.837433785e-02 -1.265655179e-02 3.467163770e-04 1.097326539e-02
3.730017925e-03 6.680347770e-02 5.905752629e-02 2.479966788e-04 1.246600226e-02 -1.902130842e-01 -1.416431665e-01 -1.961557195e-02 7.883843035e-02
-4.254687205e-02 -1.261267625e-02 4.433268681e-02 8.136351593e-03 -4.123509396e-03 -2.140354365e-02 2.023555152e-02 -4.238697141e-02 -1.075826678e-02
-3.683551773e-02 4.157539830e-02 6.807719916e-02 1.178488974e-02 -2.556023374e-02 3.126978502e-02 -4.591106903e-03 -3.253586218e-02 4.459060729e-02
-5.638013594e-03 7.733242121e-03 -3.180659935e-02 -1.918853261e-02 -2.986195497e-02 1.955615543e-02 3.512460738e-02 -7.069856510e-04 3.751195036e-03
1.926953159e-02 7.214722224e-03 -3.224468231e-02 -4.897698015e-02 -3.437942266e-02 -1.667319611e-02 -8.693925291e-02 1.421458460e-02 9.811754338e-03
-1.674174564e-03 -5.707890261e-03 5.471750046e-04 3.284218162e-02 -6.194033660e-03 -2.906742040e-03 -6.142172217e-02 1.427356037e-03 5.902688019e-03
4.405658692e-03 3.607120737e-02 7.861078531e-02 -2.555036731e-02 -1.021039672e-02 4.511380941e-02 2.274033241e-02 2.600691514e-03 3.215123713e-02
3.451369330e-02 -2.621656097e-02 4.767568782e-02 3.580631921e-03 3.220521659e-02 -2.143170312e-02 6.498594582e-02 3.519740701e-02 -3.338226303e-02
7.709814236e-03 1.331305690e-02 2.951552905e-02 -1.097196992e-02 -2.257483266e-02 2.550240420e-02 -1.345581561e-01 1.185395569e-02 1.269055717e-02
-1.629270054e-02 1.251223031e-02 4.472412169e-03 -7.113854587e-02 -4.554477520e-03 9.476017207e-03 7.702789456e-02 -2.455901727e-02 2.307071909e-02
4.216625355e-03 -2.785729431e-02 -2.122005261e-02 -2.924916334e-02 1.475557033e-02 -3.039234504e-02 2.330593020e-02 7.823129185e-03 -2.747628093e-02
6.136445794e-03 -1.548737870e-03 9.203119203e-03 -7.170192432e-03 -1.182343531e-02 3.734367201e-03 -1.010863669e-02 6.563381758e-03 -1.500260667e-03
2.695909329e-02 -1.932083629e-02 5.070793908e-03 -3.081655316e-02 1.532163937e-02 8.672668040e-02 -2.353537129e-03 2.587722428e-02 -1.953588240e-02
1.034259796e-02 5.437953863e-03 -3.649320453e-02 -3.104127944e-03 -3.013717383e-02 -8.223713958e-04 1.190968379e-01 1.553093363e-02 8.051456884e-03
1.131796744e-02 3.032485954e-02 3.255020082e-02 -8.137779078e-04 8.688359521e-03 2.224980295e-02 9.444076568e-02 1.256651804e-02 3.016077168e-02
6.232775748e-03 -4.118500743e-03 4.023031890e-02 2.619305626e-03 2.797134779e-02 -7.766693830e-02 -5.640549585e-02 1.128513925e-02 -9.835604578e-03
-1.732762344e-02 -8.733835071e-03 4.328370467e-02 1.103008282e-03 -3.974579275e-02 1.919372589e-03 -1.318574697e-01 -1.780434512e-02 -1.486182562e-03
-2.422982454e-02 4.843055736e-03 -2.338897437e-02 -2.886649221e-02 5.089196190e-02 -6.019262597e-03 -3.020045534e-02 -2.485704795e-02 1.689071185e-03
1.724134898e-03 -4.069115967e-03 2.663441189e-02 -1.357929129e-02 -1.753452700e-03 7.999482565e-03 -3.101835772e-02 1.737980172e-03 -4.055535886e-03
3.595454618e-03 1.984010014e-04 2.331265993e-02 -9.207393043e-03 -5.830378272e-03 -7.482270012e-04 -2.503655106e-02 2.894885372e-03 5.802553496e-04
-3.998788446e-02 1.136585698e-02 1.074695140e-01 1.149552688e-02 8.024659753e-02 -3.470271453e-02 3.332037479e-02 -3.947563097e-02 2.209497616e-02
-1.003445964e-02 5.444152653e-02 -8.545882069e-03 2.197311493e-03 -7.815293223e-02 -1.097290814e-01 -7.217485923e-03 4.158470256e-04 5.097282678e-02
-1.633384265e-02 -3.061791183e-03 5.795834586e-02 2.770528384e-02 -1.314456016e-02 -2.087329514e-03 -3.670908138e-02 -1.923982054e-02 3.329372732e-03
3.335023066e-03 -4.711968359e-03 1.282804925e-02 5.082881544e-04 -8.429908752e-02 -8.048921078e-02 -1.221100800e-02 -2.289451193e-03 -7.846963592e-03
-2.980920300e-02 -1.210221369e-02 2.125391364e-02 -1.735867001e-02 5.845923722e-02 -3.682791814e-02 -3.416704386e-02 -2.570057660e-02 -1.494901814e-02
-2.003289264e-04 -9.162779897e-04 1.540640369e-04 -7.784451009e-04 -2.591104480e-03 1.556163654e-03 -4.250515401e-01 -1.890103704e-05 8.564673481e-04
-2.398291230e-02 -5.700523034e-02 2.506164368e-03 1.642492716e-03 3.459993051e-03 1.617085487e-01 7.774998434e-03 -3.345378861e-02 -5.474423990e-02
2.968025766e-02 1.969396108e-04 1.000407189e-01 3.504602611e-02 -1.571440510e-02 -1.564413868e-02 -7.812005281e-02 1.534148585e-02 1.020067465e-02
-1.617329381e-02 9.966417216e-03 1.410119683e-01 -2.124035964e-03 -2.065154165e-02 2.430686727e-02 4.301045462e-02 -1.623454690e-02 1.180434134e-02
1.896991581e-02 -9.257366881e-03 1.196959838e-01 3.214493860e-03 -4.267435521e-02 1.932632364e-02 -1.375675499e-01 1.981529221e-02 -8.484456688e-03
-3.549696878e-03 2.263859613e-03 3.258455172e-02 -5.387834273e-03 9.100384079e-03 -3.934714012e-03 -3.493423015e-02 -5.512397271e-03 2.191055333e-03
-4.783961177e-02 1.180882915e-03 -1.815102994e-02 2.230251906e-03 6.100054830e-02 -5.714984238e-02 2.027275041e-02 -3.469346091e-02 -2.381982282e-03
3.730191663e-02 3.668212146e-02 1.509584580e-02 -4.118653014e-02 3.773218393e-02 -8.749886602e-02 2.782859839e-02 3.648258746e-02 2.132230438e-02
-2.191404626e-02 -3.707320243e-02 7.897406816e-02 1.086821407e-02 2.525315806e-02 -2.307204716e-02 -2.923599631e-02 -2.844616957e-02 -3.299428895e-02
-2.218247801e-06 6.840764854e-06 9.110569863e-07 -2.741298886e-07 3.576763220e-06 -3.920428298e-06 -3.203921733e-05 -7.853238344e-07 -1.775979399e-06
-5.797798745e-03 -5.159948487e-03 6.368102878e-02 -6.070578936e-03 1.221368182e-02 1.098130364e-02 -6.397759169e-02 -6.443853490e-03 -5.746365059e-03
9.701139294e-03 -2.046052180e-02 -4.229739681e-02 2.332455013e-03 -1.020972710e-02 -3.426071256e-03 3.384106606e-02 9.343165904e-03 -1.671202481e-02
2.673851512e-02 2.633084543e-02 -5.935728177e-02 1.280181110e-03 -2.490455844e-02 -1.291793771e-02 7.324670255e-02 1.871166565e-02 1.627665758e-02
-1.157491897e-05 -7.015798360e-07 4.744872513e-06 -7.381230489e-07 1.992299985e-06 4.801994692e-06 -1.047753685e-04 7.782008652e-06 -4.922409516e-06
-1.308141090e-02 -3.538507735e-03 1.514959186e-01 5.049996544e-03 3.605625406e-02 1.500638295e-02 1.150932256e-02 -1.626767591e-02 -2.684636274e-04
9.783104761e-04 -2.881794982e-02 5.008051544e-02 5.628721323e-03 -1.227565389e-02 5.961316451e-02 1.259746552e-01 -1.562258512e-05 -3.089838289e-02
-3.556450456e-02 1.785806194e-02 1.647978090e-02 2.068293281e-02 6.527663022e-02 6.455394905e-03 3.668737411e-02 -3.597777337e-02 2.387624420e-02
-2.264688909e-02 -2.573958831e-03 -6.005062535e-02 2.113078488e-03 2.345316298e-02 -6.670648232e-03 5.737125874e-02 -2.236253954e-02 4.565537907e-03
5.724270642e-02 -1.124665234e-02 6.886218488e-02 1.765537658e-03 -6.917233579e-03 6.087827682e-02 -9.552501142e-02 4.920911416e-02 -2.451095171e-02
-2.630179049e-03 -3.828271478e-02 3.293486685e-02 -6.794103235e-02 3.058302216e-02 1.599219441e-02 9.782765061e-02 -4.339139909e-03 -4.018279910e-02
3.203254566e-02 3.564178478e-03 1.232316718e-01 -7.455152925e-03 3.055744246e-02 4.152695648e-03 6.156622991e-02 2.719916776e-02 4.795214161e-03
2.736818232e-02 -4.240210727e-02 7.752309740e-02 9.697494097e-03 -6.697220355e-02 9.551241249e-02 3.358475119e-02 2.674262226e-02 -4.073635116e-02
2.255659056e-04 6.056502461e-04 2.911067568e-03 -7.630230393e-04 9.317898750e-02 -3.168483078e-02 -4.080169648e-02 -4.301810637e-03 -1.160752145e-03
1.315177511e-02 7.222628687e-03 2.628380619e-02 1.489823335e-03 1.693273080e-03 -2.394914441e-02 -2.456621081e-01 6.644388661e-03 -1.543013379e-03
5.147242919e-02 3.301482648e-02 8.473678678e-02 2.079938166e-02 -3.653051704e-02 1.494724862e-02 -3.627474979e-02 4.960934073e-02 4.129596800e-02
-1.146983076e-02 -3.985400498e-02 1.409832388e-01 -6.752467249e-03 -1.727386494e-03 -2.154100873e-02 5.074438080e-02 -4.458335228e-03 -3.508722410e-02
7.623197511e-03 -5.432508141e-02 3.304560110e-02 2.438252605e-02 -5.982980598e-03 2.793656103e-02 1.193144359e-02 6.312232581e-04 -5.194354802e-02
-1.574806869e-02 -2.071393654e-02 1.390099642e-03 -3.683120757e-02 -7.606256008e-02 -2.785978839e-03 -1.395043451e-03 -2.199125104e-02 -1.636005379e-02
6.777431071e-02 2.222721651e-02 8.763237298e-02 1.028464083e-02 -1.413634121e-01 -6.346623600e-02 4.422273114e-02 5.895051733e-02 2.750945650e-02
-1.556964032e-02 -2.902557935e-05 1.407645941e-01 5.632370710e-03 3.526611486e-03 -9.418980218e-03 -5.349487998e-03 -1.779425889e-02 1.402780646e-03
-1.842516474e-03 6.307864678e-04 -6.871481240e-02 2.878717380e-03 3.811999224e-03 9.911919478e-04 -2.450660989e-02 8.027579752e-04 8.132325602e-04
