-3.189348578e-01 4.003188133e+00 -5.746097490e-02 -3.379873753e+00 1.336523652e+00 3.004457951e+00 -1.655005850e-02 -6.657090783e-01 4.167405605e+00
4.214439869e+00 -4.945727825e+00 -2.673954368e-01 1.648797393e-01 -1.559794712e+01 6.402691364e+00 1.705476046e-01 4.203463078e+00 -5.373044014e+00
-1.824984327e-02 7.724211365e-02 2.133231843e-03 3.535508633e+00 -9.107218683e-02 -3.857509792e-02 4.820708558e-02 7.639797777e-02 -1.199612468e-01
2.341386318e+00 2.076923370e+00 -1.424000859e-01 3.891647160e-01 -1.254099369e+01 5.313796520e+00 -6.707072258e-01 2.506555796e+00 1.981684446e+00
-1.340698719e+00 2.503932714e+00 5.575890541e-01 -1.784791708e+00 -5.867774010e+00 -5.496170044e+00 1.505310774e+00 -5.158872604e-01 2.018019199e+00
-3.456201851e-01 4.327940345e-01 -3.346537054e-02 4.877027988e+00 6.582128406e-01 -1.825253516e-01 -4.754852876e-02 5.174571276e-01 -2.483170182e-01
-1.306528449e-01 6.646432281e-01 6.317290664e-01 -2.116638899e+00 3.483202755e-01 -1.547464252e+00 -6.886970997e-01 -8.513630927e-02 9.515347481e-01
-6.002787352e-01 2.678176463e-01 8.524645120e-02 2.932811677e-01 1.210337067e+01 7.471915245e+00 -2.025048286e-01 4.437969625e-02 1.404577971e+00
4.774422944e-01 8.550845146e+00 9.449204206e-01 3.174357489e-02 1.595648289e+00 -2.434727478e+01 -2.266290665e+00 -2.510793209e+00 1.009131908e+01
-5.445999622e+00 -1.614422560e+00 7.093229890e-01 1.041453004e+00 -5.278092027e-01 -2.739653587e+00 3.237688243e-01 -5.425532341e+00 -1.377058148e+00
-4.714946270e+00 5.321650982e+00 1.089235187e+00 1.508465886e+00 -3.271709919e+00 4.002532482e+00 -7.345771044e-02 -4.164590359e+00 5.707597733e+00
-7.216657400e-01 9.898549914e-01 -5.089055896e-01 -2.456132174e+00 -3.822330236e+00 2.503187895e+00 5.619937181e-01 -9.049416333e-02 4.801529646e-01
2.466500044e+00 9.234844446e-01 -5.159149170e-01 -6.269053459e+00 -4.400566101e+00 -2.134169102e+00 -1.391028047e+00 1.819466829e+00 1.255904555e+00
-2.142943442e-01 -7.306099534e-01 8.754800074e-03 4.203799248e+00 -7.928363085e-01 -3.720629811e-01 -9.827475548e-01 1.827015728e-01 7.555440664e-01
5.639243126e-01 4.617114544e+00 1.257772565e+00 -3.270447016e+00 -1.306930780e+00 5.774567604e+00 3.638453186e-01 3.328885138e-01 4.115358353e+00
4.417752743e+00 -3.355719805e+00 7.628110051e-01 4.583208859e-01 4.122267723e+00 -2.743257999e+00 1.039775133e+00 4.505268097e+00 -4.272929668e+00
9.868562222e-01 1.704071283e+00 4.722484648e-01 -1.404412150e+00 -2.889578581e+00 3.264307737e+00 -2.152930498e+00 1.517306328e+00 1.624391317e+00
-2.085465670e+00 1.601565480e+00 7.155859470e-02 -9.105733871e+00 -5.829731226e-01 1.212930202e+00 1.232446313e+00 -3.143554211e+00 2.953052044e+00
5.397280455e-01 -3.565733671e+00 -3.395208418e-01 -3.743892908e+00 1.888713002e+00 -3.890220165e+00 3.728948832e-01 1.001360536e+00 -3.516963959e+00
7.854650617e-01 -1.982384473e-01 1.472499073e-01 -9.177846313e-01 -1.513399720e+00 4.779990017e-01 -1.617381871e-01 8.401128650e-01 -1.920333654e-01
3.450763941e+00 -2.473067045e+00 8.113270253e-02 -3.944518805e+00 1.961169839e+00 1.110101509e+01 -3.765659407e-02 3.312284708e+00 -2.500592947e+00
1.323852539e+00 6.960580945e-01 -5.838912725e-01 -3.973283768e-01 -3.857558250e+00 -1.052635387e-01 1.905549407e+00 1.987959504e+00 1.030586481e+00
1.448699832e+00 3.881582022e+00 5.208032131e-01 -1.041635722e-01 1.112110019e+00 2.847974777e+00 1.511052251e+00 1.608514309e+00 3.860578775e+00
7.977952957e-01 -5.271680951e-01 6.436851025e-01 3.352711201e-01 3.580332518e+00 -9.941368103e+00 -9.024879336e-01 1.444497824e+00 -1.258957386e+00
-2.217935801e+00 -1.117930889e+00 6.925392747e-01 1.411850601e-01 -5.087461472e+00 2.456796914e-01 -2.109719515e+00 -2.278956175e+00 -1.902313679e-01
-3.101417542e+00 6.199111342e-01 -3.742235899e-01 -3.694911003e+00 6.514171124e+00 -7.704656124e-01 -4.832072854e-01 -3.181702137e+00 2.162011117e-01
2.206892669e-01 -5.208468437e-01 4.261505902e-01 -1.738149285e+00 -2.244419456e-01 1.023933768e+00 -4.962937236e-01 2.224614620e-01 -5.191085935e-01
4.602181911e-01 2.539532818e-02 3.730025589e-01 -1.178546309e+00 -7.462884188e-01 -9.577305615e-02 -4.005848169e-01 3.705453277e-01 7.427268475e-02
-5.118449211e+00 1.454829693e+00 1.719512224e+00 1.471427441e+00 1.027156448e+01 -4.441947460e+00 5.331259966e-01 -5.052880764e+00 2.828156948e+00
-1.284410834e+00 6.968515396e+00 -1.367341131e-01 2.812558711e-01 -1.000357533e+01 -1.404532242e+01 -1.154797748e-01 5.322841927e-02 6.524521828e+00
-2.090731859e+00 -3.919092715e-01 9.273335338e-01 3.546276331e+00 -1.682503700e+00 -2.671781778e-01 -5.873453021e-01 -2.462697029e+00 4.261597097e-01
4.268829525e-01 -6.031319499e-01 2.052487880e-01 6.506088376e-02 -1.079028320e+01 -1.030261898e+01 -1.953761280e-01 -2.930497527e-01 -1.004411340e+00
-3.815577984e+00 -1.549083352e+00 3.400626183e-01 -2.221909761e+00 7.482782364e+00 -4.713973522e+00 -5.466727018e-01 -3.289673805e+00 -1.913474321e+00
-2.564210258e-02 -1.172835827e-01 2.465024590e-03 -9.964097291e-02 -3.316613734e-01 1.991889477e-01 -6.800824642e+00 -2.419332741e-03 1.096278206e-01
-3.069812775e+00 -7.296669483e+00 4.009862989e-02 2.102390677e-01 4.428791106e-01 2.069869423e+01 1.243999749e-01 -4.282084942e+00 -7.007262707e+00
3.799072981e+00 2.520827018e-02 1.600651503e+00 4.485891342e+00 -2.011443853e+00 -2.002449751e+00 -1.249920845e+00 1.963710189e+00 1.305686355e+00
-2.070181608e+00 1.275701404e+00 2.256191492e+00 -2.718766034e-01 -2.643397331e+00 3.111279011e+00 6.881672740e-01 -2.078022003e+00 1.510955691e+00
2.428149223e+00 -1.184942961e+00 1.915135741e+00 4.114552140e-01 -5.462317467e+00 2.473769426e+00 -2.201080799e+00 2.536357403e+00 -1.086010456e+00
-4.543612003e-01 2.897740304e-01 5.213528275e-01 -6.896427870e-01 1.164849162e+00 -5.036433935e-01 -5.589476824e-01 -7.055868506e-01 2.804550827e-01
-6.123470306e+00 1.511530131e-01 -2.904164791e-01 2.854722440e-01 7.808070183e+00 -7.315179825e+00 3.243640065e-01 -4.440762997e+00 -3.048937321e-01
4.774645329e+00 4.695311546e+00 2.415335327e-01 -5.271875858e+00 4.829719543e+00 -1.119985485e+01 4.452575743e-01 4.669771194e+00 2.729254961e+00
-2.804997921e+00 -4.745369911e+00 1.263585091e+00 1.391131401e+00 3.232404232e+00 -2.953222036e+00 -4.677759409e-01 -3.641109705e+00 -4.223268986e+00
-2.839357185e-04 8.756179013e-04 1.457691178e-05 -3.508862574e-05 4.578256921e-04 -5.018148222e-04 -5.126274773e-04 -1.005214508e-04 -2.273253631e-04
-7.421182394e-01 -6.604734063e-01 1.018896461e+00 -7.770341039e-01 1.563351274e+00 1.405606866e+00 -1.023641467e+00 -8.248132467e-01 -7.355347276e-01
1.241745830e+00 -2.618946791e+00 -6.767583489e-01 2.985542417e-01 -1.306845069e+00 -4.385371208e-01 5.414570570e-01 1.195925236e+00 -2.139139175e+00
3.422529936e+00 3.370348215e+00 -9.497165084e-01 1.638631821e-01 -3.187783480e+00 -1.653496027e+00 1.171947241e+00 2.395093203e+00 2.083412170e+00
-1.481589628e-03 -8.980221901e-05 7.591796020e-05 -9.447975026e-05 2.550143981e-04 6.146553205e-04 -1.676405896e-03 9.960971074e-04 -6.300684181e-04
-1.674420595e+00 -4.529289901e-01 2.423934698e+00 6.463995576e-01 4.615200520e+00 1.920817018e+00 1.841491610e-01 -2.082262516e+00 -3.436334431e-02
1.252237409e-01 -3.688697577e+00 8.012882471e-01 7.204763293e-01 -1.571283698e+00 7.630485058e+00 2.015594482e+00 -1.999690896e-03 -3.954993010e+00
-4.552256584e+00 2.285831928e+00 2.636764944e-01 2.647415400e+00 8.355408669e+00 8.262905478e-01 5.869979858e-01 -4.605154991e+00 3.056159258e+00
-2.898801804e+00 -3.294667304e-01 -9.608100057e-01 2.704740465e-01 3.002004862e+00 -8.538429737e-01 9.179401398e-01 -2.862405062e+00 5.843888521e-01
7.327066422e+00 -1.439571500e+00 1.101794958e+00 2.259888202e-01 -8.854058981e-01 7.792419434e+00 -1.528400183e+00 6.298766613e+00 -3.137401819e+00
-3.366629183e-01 -4.900187492e+00 5.269578695e-01 -8.696452141e+00 3.914626837e+00 2.047000885e+00 1.565242410e+00 -5.554099083e-01 -5.143398285e+00
4.100165844e+00 4.562148452e-01 1.971706748e+00 -9.542595744e-01 3.911352634e+00 5.315450430e-01 9.850596786e-01 3.481493473e+00 6.137874126e-01
3.503127337e+00 -5.427469730e+00 1.240369558e+00 1.241279244e+00 -8.572442055e+00 1.222558880e+01 5.373560190e-01 3.423055649e+00 -5.214252949e+00
2.887243591e-02 7.752323151e-02 4.657708108e-02 -9.766694903e-02 1.192691040e+01 -4.055658340e+00 -6.528271437e-01 -5.506317616e-01 -1.485762745e-01
1.683427215e+00 9.244964719e-01 4.205408990e-01 1.906973869e-01 2.167389542e-01 -3.065490484e+00 -3.930593729e+00 8.504817486e-01 -1.975057125e-01
6.588470936e+00 4.225897789e+00 1.355788589e+00 2.662320852e+00 -4.675906181e+00 1.913247824e+00 -5.803959966e-01 6.349995613e+00 5.285883904e+00
-1.468138337e+00 -5.101312637e+00 2.255731821e+00 -8.643158078e-01 -2.211054713e-01 -2.757249117e+00 8.119100928e-01 -5.706669092e-01 -4.491164684e+00
9.757692814e-01 -6.953610420e+00 5.287296176e-01 3.120963335e+00 -7.658215165e-01 3.575879812e+00 1.909030974e-01 8.079657704e-02 -6.648774147e+00
-2.015752792e+00 -2.651383877e+00 2.224159427e-02 -4.714394569e+00 -9.736007690e+00 -3.566052914e-01 -2.232069522e-02 -2.814880133e+00 -2.094086885e+00
8.675111771e+00 2.845083714e+00 1.402117968e+00 1.316434026e+00 -1.809451675e+01 -8.123678207e+00 7.075636983e-01 7.545666218e+00 3.521210432e+00
-1.992913961e+00 -3.715274157e-03 2.252233505e+00 7.209434509e-01 4.514062703e-01 -1.205629468e+00 -8.559180796e-02 -2.277665138e+00 1.795559227e-01
-2.358421087e-01 8.074066788e-02 -1.099436998e+00 3.684758246e-01 4.879359007e-01 1.268725693e-01 -3.921057582e-01 1.027530208e-01 1.040937677e-01
